# GIMP colorrc
# 
# This file holds a list of recently used colors.

(color-history
    (color-rgba 0.462627 0.518219 0.226069 1.000000)
    (color-rgba 0.007843 0.050980 0.109804 1.000000)
    (color-rgba 0.313725 0.839216 0.113725 1.000000)
    (color-rgba 0.870588 0.862745 0.898039 1.000000)
    (color-rgba 0.886275 0.945098 0.921569 1.000000)
    (color-rgba 0.929412 0.894118 0.882353 1.000000)
    (color-rgba 0.619608 0.925490 0.800000 1.000000)
    (color-rgba 0.447059 0.615686 0.588235 1.000000)
    (color-rgba 0.690196 0.203922 0.211765 1.000000)
    (color-rgba 1.000000 1.000000 1.000000 1.000000)
    (color-rgba 0.811765 0.850980 0.909804 1.000000)
    (color-rgba 0.992157 0.839216 0.372549 1.000000)
    (color-rgba 0.643137 0.796078 0.823529 1.000000)
    (color-rgba 0.568627 0.717647 0.721569 1.000000)
    (color-rgba 0.109804 0.039216 0.015686 0.000000)
    (color-rgba 0.111111 0.038404 0.014169 1.000000)
    (color-rgba 0.745098 0.580392 0.525490 1.000000)
    (color-rgba 0.000000 0.000000 0.000000 1.000000)
    (color-rgba 0.000000 0.000000 0.000000 0.000000)
    (color-rgba 0.729412 0.823529 0.768627 1.000000)
    (color-rgba 0.768627 0.627451 0.643137 1.000000)
    (color-rgba 0.892885 0.902250 0.930348 1.000000)
    (color-rgba 0.149020 0.160784 0.196078 1.000000)
    (color-rgba 1.000000 0.000000 0.000000 1.000000)
    (color-rgba 0.058824 0.047059 0.047059 1.000000)
    (color-rgba 0.905882 0.741176 0.580392 1.000000)
    (color-rgba 0.192157 0.192157 0.192157 1.000000)
    (color-rgba 0.835616 0.835616 0.835616 1.000000)
    (color-rgba 0.086758 0.075113 0.075113 1.000000)
    (color-rgba 0.059361 0.047807 0.047807 1.000000)
    (color-rgba 0.925490 0.109804 0.141176 1.000000)
    (color-rgba 0.976471 0.956863 0.815686 1.000000)
    (color-rgba 0.270588 0.356863 0.200000 1.000000)
    (color-rgba 0.074510 0.113725 0.015686 1.000000)
    (color-rgba 0.094118 0.058824 0.050980 1.000000)
    (color-rgba 0.537255 0.349020 0.552941 1.000000)
    (color-rgba 0.545098 0.466667 0.474510 1.000000)
    (color-rgba 0.960784 0.913725 0.854902 1.000000)
    (color-rgba 1.000000 0.000000 0.290196 1.000000)
    (color-rgba 0.184314 0.203922 0.247059 1.000000)
    (color-rgba 0.749020 0.380392 0.415686 1.000000)
    (color-rgba 0.203922 0.203922 0.203922 1.000000)
    (color-rgba 0.996078 0.709804 0.745098 1.000000)
    (color-rgba 0.003922 0.003922 0.003922 1.000000)
    (color-rgba 0.180392 0.356863 0.478431 1.000000)
    (color-rgba 0.933333 0.933333 0.933333 1.000000)
    (color-rgba 0.117647 0.117647 0.117647 1.000000)
    (color-rgba 0.000000 0.626415 1.000000 1.000000)
    (color-rgba 1.000000 0.000000 1.000000 1.000000)
    (color-rgba 0.311271 0.175054 0.543396 1.000000)
    (color-rgba 0.458824 0.458824 0.458824 1.000000)
    (color-rgba 0.882353 0.898039 0.901961 1.000000))

# end of colorrc
